00HH 00FF 00EE 00DD 00CC 00BB 00AA 0099 0088 0077 0066 0055 0044 0033 0022 0011
>> 2
0000 HH00 FF00 EE00 DD00 CC00 BB00 AA00 9900 8800 7700 6600 5500 4400 3300 2200
|
00HH HHFF FFEE EEDD DDCC CCBB BBAA AA99 9988 8877 7766 6655 5544 4433 3311 2211
0000 0000 0000 1111 0000 0000 0000 1111 0000 0000 0000 1111 0000 0000 0000 1111  000f_000f_000f_000f
>> 4
0000 00HH HHFF FFEE EEDD DDCC CCBB BBAA AA99 9988 8877 7766 6655 5544 4433 3311
0000 0000 1111 0000 0000 0000 1111 0000 0000 0000 1111 0000 0000 0000 1111 0000  00f0_00f0_00f0_00f0
|
0000 0000 HHFF EEDD 0000 0000 CCBB AA99 0000 0000 8877 6655 0000 0000 4433 2211
0000 0000 0000 0000 0000 0000 1111 1111 0000 0000 0000 0000 0000 0000 1111 1111  0000_00ff_0000_00ff
>> 8
0000 0000 0000 0000 HHFF EEDD 0000 0000 CCBB AA99 0000 0000 8877 6655 0000 0000
0000 0000 0000 0000 1111 1111 0000 0000 0000 0000 0000 0000 1111 1111 0000 0000  0000_ff00_0000_ff00
|
0000 0000 0000 0000 HHFF EEDD CCBB AA99 0000 0000 0000 0000 8877 6655 4433 2211
0000 0000 0000 0000 0000 0000 0000 0000 0000 0000 0000 0000 1111 1111 1111 1111  0000_0000_0000_ffff
>> 16
0000 0000 0000 0000 0000 0000 0000 0000 HHFF EEDD CCBB AA99 0000 0000 0000 0000
|
0000 0000 0000 0000 0000 0000 0000 0000 HHFF EEDD CCBB AA99 8877 6655 4433 2211


--------
000H 000F 000E 000D 000C 000B 000A 0009 0008 0007 0006 0005 0004 0003 0002 0001
>> 3
0000 00H0 00F0 00E0 00D0 00C0 00B0 00A0 0090 0080 0070 0060 0050 0040 0030 0020
|
000H 00HF 00FE 00ED 00DC 00CB 00BA 00A9 0098 0087 0076 0065 0054 0043 0032 0021
>> 6
0000 0000 0H00 HF00 FE00 ED00 DC00 CB00 BA00 A900 9800 8700 7600 6500 5400 4300
|
0000 00HF 0HFE HFED FEDC EDCB DCBA CBA9 BA98 A987 9876 8765 7654 6543 5432 4321
0000 0000 0000 0000 0000 0000 0000 1111 0000 0000 0000 0000 0000 0000 0000 1111  0000_000f_0000_000f
>> 12
0000 0000 0000 0000 00HF 0HFE HFED FEDC EDCB DCBA CBA9 BA98 A987 9876 8765 7654
0000 0000 0000 0000 0000 0000 1111 0000 0000 0000 0000 0000 0000 0000 1111 0000  0000_00f0_0000_00f0
|
0000 0000 0000 0000 0000 0000 HFED CBA9 0000 0000 0000 0000 0000 0000 5432 4321
0000 0000 0000 0000 0000 0000 0000 0000 0000 0000 0000 0000 0000 0000 1111 1111  0000_0000_0000_00ff
>> 24
0000 0000 0000 0000 0000 0000 0000 0000 0000 0000 0000 0000 HFED CBA9 0000 0000
|
0000 0000 0000 0000 0000 0000 0000 0000 0000 0000 0000 0000 HFED CBA9 5432 4321
